25 11 2017 7 15 6
10 10
0 _
0 _ 0
0 0
0 _ 0 0 0 0 0
0 _
0 _ 0
0 0
0 _ 0 0 0 0 0
0 _
0 _ 0
0 0
0 _ 0 0 0 0 0
0 _
0 _ 0
0 0
0 _ 0 0 0 0 0
0 _
0 _ 0
0 0
0 _ 0 0 0 0 0
0 _
0 _ 0
0 0
0 _ 0 0 0 0 0
0 _
0 _ 0
0 0
0 _ 0 0 0 0 0
0 _
0 _ 0
0 0
0 _ 0 0 0 0 0
2 C
0 _ 0
0 0
0 _ 0 0 0 0 0
0 _
0 _ 0
0 0
0 _ 0 0 0 0 0
0 _
0 _ 0
0 0
0 _ 0 0 0 0 0
0 _
0 _ 0
0 0
0 _ 0 0 0 0 0
0 _
0 _ 0
0 0
0 _ 0 0 0 0 0
0 _
0 _ 0
0 0
0 _ 0 0 0 0 0
0 _
0 _ 0
0 0
0 _ 0 0 0 0 0
0 _
0 _ 0
0 0
0 _ 0 0 0 0 0
0 _
0 _ 0
0 0
0 _ 0 0 0 0 0
2 C
0 _ 0
0 0
0 _ 0 0 0 0 0
2 T
0 _ 0
0 0
0 _ 0 0 0 0 0
2 C
0 _ 0
0 0
0 _ 0 0 0 0 0
0 _
0 _ 0
0 0
0 _ 0 0 0 0 0
0 _
0 _ 0
0 0
0 _ 0 0 0 0 0
0 _
18 R 0
3 3
52 K 4 1 70 6 0
0 _
18 R 0
3 4
52 K 0 2 70 6 1
0 V
0 _ 0
0 0
0 _ 0 0 0 0 0
0 V
0 _ 0
0 0
0 _ 0 0 0 0 0
0 _
0 _ 0
0 0
0 _ 0 0 0 0 0
0 _
0 _ 0
0 0
0 _ 0 0 0 0 0
2 C
0 _ 0
0 0
0 _ 0 0 0 0 0
0 _
0 _ 0
0 0
0 _ 0 0 0 0 0
0 _
0 _ 0
0 0
0 _ 0 0 0 0 0
0 _
0 _ 0
0 0
0 _ 0 0 0 0 0
0 _
0 _ 0
0 0
0 _ 0 0 0 0 0
0 _
0 _ 0
0 0
0 _ 0 0 0 0 0
0 _
0 _ 0
0 0
0 _ 0 0 0 0 0
0 _
0 _ 0
0 0
0 _ 0 0 0 0 0
0 _
0 _ 0
0 0
0 _ 0 0 0 0 0
0 _
0 _ 0
0 0
0 _ 0 0 0 0 0
0 _
0 _ 0
0 0
0 _ 0 0 0 0 0
0 _
0 _ 0
0 0
0 _ 0 0 0 0 0
0 _
0 _ 0
0 0
0 _ 0 0 0 0 0
0 _
0 _ 0
0 0
0 _ 0 0 0 0 0
0 _
0 _ 0
0 0
0 _ 0 0 0 0 0
0 _
0 _ 0
0 0
0 _ 0 0 0 0 0
0 _
0 _ 0
0 0
0 _ 0 0 0 0 0
0 _
0 _ 0
0 0
0 _ 0 0 0 0 0
0 _
0 _ 0
0 0
0 _ 0 0 0 0 0
0 _
0 _ 0
0 0
0 _ 0 0 0 0 0
0 _
0 _ 0
0 0
0 _ 0 0 0 0 0
0 _
0 _ 0
0 0
0 _ 0 0 0 0 0
0 _
0 _ 0
0 0
0 _ 0 0 0 0 0
0 _
0 _ 0
0 0
0 _ 0 0 0 0 0
0 _
0 _ 0
0 0
0 _ 0 0 0 0 0
0 _
0 _ 0
0 0
0 _ 0 0 0 0 0
0 _
0 _ 0
0 0
0 _ 0 0 0 0 0
0 _
0 _ 0
0 0
0 _ 0 0 0 0 0
0 _
0 _ 0
0 0
0 _ 0 0 0 0 0
0 _
0 _ 0
0 0
0 _ 0 0 0 0 0
0 _
0 _ 0
0 0
0 _ 0 0 0 0 0
0 _
0 _ 0
0 0
0 _ 0 0 0 0 0
0 _
0 _ 0
0 0
0 _ 0 0 0 0 0
0 _
0 _ 0
0 0
0 _ 0 0 0 0 0
0 _
0 _ 0
0 0
0 _ 0 0 0 0 0
0 _
0 _ 0
0 0
0 _ 0 0 0 0 0
0 V
0 _ 0
0 0
0 _ 0 0 0 0 0
0 _
0 _ 0
0 0
0 _ 0 0 0 0 0
0 _
0 _ 0
0 0
0 _ 0 0 0 0 0
0 _
0 _ 0
0 0
0 _ 0 0 0 0 0
0 _
0 _ 0
0 0
0 _ 0 0 0 0 0
0 _
0 _ 0
0 0
0 _ 0 0 0 0 0
0 _
0 _ 0
0 0
0 _ 0 0 0 0 0
1 C
0 _ 0
0 0
0 _ 0 0 0 0 0
0 _
0 _ 0
0 0
0 _ 0 0 0 0 0
0 _
0 _ 0
0 0
0 _ 0 0 0 0 0
0 _
0 _ 0
0 0
0 _ 0 0 0 0 0
0 _
0 _ 0
0 0
0 _ 0 0 0 0 0
0 _
0 _ 0
0 0
0 _ 0 0 0 0 0
0 _
0 _ 0
0 0
0 _ 0 0 0 0 0
0 _
0 _ 0
0 0
0 _ 0 0 0 0 0
0 _
0 _ 0
0 0
0 _ 0 0 0 0 0
1 C
0 _ 0
0 0
0 _ 0 0 0 0 0
1 T
0 _ 0
0 0
0 _ 0 0 0 0 0
1 C
0 _ 0
0 0
0 _ 0 0 0 0 0
0 _
0 _ 0
0 0
0 _ 0 0 0 0 0
0 _
0 _ 0
0 0
0 _ 0 0 0 0 0
0 _
0 _ 0
0 0
0 _ 0 0 0 0 0
0 _
0 _ 0
0 0
0 _ 0 0 0 0 0
0 _
0 _ 0
0 0
0 _ 0 0 0 0 0
0 _
0 _ 0
0 0
0 _ 0 0 0 0 0
0 _
0 _ 0
0 0
0 _ 0 0 0 0 0
0 _
0 _ 0
0 0
0 _ 0 0 0 0 0
1 C
0 _ 0
0 0
0 _ 0 0 0 0 0
0 _
0 _ 0
0 0
0 _ 0 0 0 0 0
0 _
0 _ 0
0 0
0 _ 0 0 0 0 0
0 _
0 _ 0
0 0
0 _ 0 0 0 0 0
0 _
0 _ 0
0 0
0 _ 0 0 0 0 0
0 _
0 _ 0
0 0
0 _ 0 0 0 0 0
0 _
0 _ 0
0 0
0 _ 0 0 0 0 0
0 _
0 _ 0
0 0
0 _ 0 0 0 0 0
0 _
0 _ 0
0 0
0 _ 0 0 0 0 0
1 100
3 3
0 0
3 3
EndOfList
EndOfList
8 2
9 3
10 2
9 1
9 2
2 100
3 4
0 0
3 4
EndOfList
EndOfList
3 9
2 8
1 9
2 10
2 9
1 2 EndOfQueue
.