25 11 2017 7 3 58
11 11
0 _
0 _ 0
0 0
0 _ 0 0 0 0 0
0 _
0 _ 0
0 0
0 _ 0 0 0 0 0
0 _
0 _ 0
0 0
0 _ 0 0 0 0 0
0 V
0 _ 0
0 0
0 _ 0 0 0 0 0
0 _
0 _ 0
0 0
0 _ 0 0 0 0 0
0 _
0 _ 0
0 0
0 _ 0 0 0 0 0
0 _
0 _ 0
0 0
0 _ 0 0 0 0 0
0 _
0 _ 0
0 0
0 _ 0 0 0 0 0
0 _
0 _ 0
0 0
0 _ 0 0 0 0 0
2 C
0 _ 0
0 0
0 _ 0 0 0 0 0
0 _
0 _ 0
0 0
0 _ 0 0 0 0 0
0 _
0 _ 0
0 0
0 _ 0 0 0 0 0
0 _
0 _ 0
0 0
0 _ 0 0 0 0 0
0 _
0 _ 0
0 0
0 _ 0 0 0 0 0
0 _
0 _ 0
0 0
0 _ 0 0 0 0 0
0 _
0 _ 0
0 0
0 _ 0 0 0 0 0
0 _
0 _ 0
0 0
0 _ 0 0 0 0 0
0 _
0 _ 0
0 0
0 _ 0 0 0 0 0
0 _
0 _ 0
0 0
0 _ 0 0 0 0 0
2 C
0 _ 0
0 0
0 _ 0 0 0 0 0
2 T
18 R 0
2 10
70 K 6 2 70 6 1
2 C
0 _ 0
0 0
0 _ 0 0 0 0 0
0 _
0 _ 0
0 0
0 _ 0 0 0 0 0
0 _
0 _ 0
0 0
0 _ 0 0 0 0 0
0 _
0 _ 0
0 0
0 _ 0 0 0 0 0
0 _
0 _ 0
0 0
0 _ 0 0 0 0 0
0 _
0 _ 0
0 0
0 _ 0 0 0 0 0
0 _
0 _ 0
0 0
0 _ 0 0 0 0 0
0 _
0 _ 0
0 0
0 _ 0 0 0 0 0
0 _
0 _ 0
0 0
0 _ 0 0 0 0 0
0 _
0 _ 0
0 0
0 _ 0 0 0 0 0
2 C
0 _ 0
0 0
0 _ 0 0 0 0 0
0 _
0 _ 0
0 0
0 _ 0 0 0 0 0
0 _
0 _ 0
0 0
0 _ 0 0 0 0 0
0 _
0 _ 0
0 0
0 _ 0 0 0 0 0
0 _
0 _ 0
0 0
0 _ 0 0 0 0 0
0 _
0 _ 0
0 0
0 _ 0 0 0 0 0
0 _
0 _ 0
0 0
0 _ 0 0 0 0 0
0 _
0 _ 0
0 0
0 _ 0 0 0 0 0
0 _
0 _ 0
0 0
0 _ 0 0 0 0 0
0 _
0 _ 0
0 0
0 _ 0 0 0 0 0
0 _
0 _ 0
0 0
0 _ 0 0 0 0 0
0 _
0 _ 0
0 0
0 _ 0 0 0 0 0
0 _
0 _ 0
0 0
0 _ 0 0 0 0 0
0 _
0 _ 0
0 0
0 _ 0 0 0 0 0
0 _
0 _ 0
0 0
0 _ 0 0 0 0 0
0 _
0 _ 0
0 0
0 _ 0 0 0 0 0
0 _
0 _ 0
0 0
0 _ 0 0 0 0 0
0 _
0 _ 0
0 0
0 _ 0 0 0 0 0
0 _
0 _ 0
0 0
0 _ 0 0 0 0 0
0 _
0 _ 0
0 0
0 _ 0 0 0 0 0
0 _
0 _ 0
0 0
0 _ 0 0 0 0 0
0 _
0 _ 0
0 0
0 _ 0 0 0 0 0
0 _
0 _ 0
0 0
0 _ 0 0 0 0 0
0 _
0 _ 0
0 0
0 _ 0 0 0 0 0
0 _
0 _ 0
0 0
0 _ 0 0 0 0 0
0 V
18 R 0
6 2
70 K 2 1 70 6 1
0 _
0 _ 0
0 0
0 _ 0 0 0 0 0
0 _
0 _ 0
0 0
0 _ 0 0 0 0 0
0 _
0 _ 0
0 0
0 _ 0 0 0 0 0
0 _
0 _ 0
0 0
0 _ 0 0 0 0 0
0 _
0 _ 0
0 0
0 _ 0 0 0 0 0
0 _
0 _ 0
0 0
0 _ 0 0 0 0 0
0 _
0 _ 0
0 0
0 _ 0 0 0 0 0
0 V
0 _ 0
0 0
0 _ 0 0 0 0 0
0 _
0 _ 0
0 0
0 _ 0 0 0 0 0
0 _
0 _ 0
0 0
0 _ 0 0 0 0 0
0 _
0 _ 0
0 0
0 _ 0 0 0 0 0
0 _
0 _ 0
0 0
0 _ 0 0 0 0 0
0 _
0 _ 0
0 0
0 _ 0 0 0 0 0
0 _
0 _ 0
0 0
0 _ 0 0 0 0 0
0 _
0 _ 0
0 0
0 _ 0 0 0 0 0
0 _
0 _ 0
0 0
0 _ 0 0 0 0 0
0 _
0 _ 0
0 0
0 _ 0 0 0 0 0
0 _
0 _ 0
0 0
0 _ 0 0 0 0 0
0 _
0 _ 0
0 0
0 _ 0 0 0 0 0
0 _
0 _ 0
0 0
0 _ 0 0 0 0 0
0 _
0 _ 0
0 0
0 _ 0 0 0 0 0
0 _
0 _ 0
0 0
0 _ 0 0 0 0 0
0 _
0 _ 0
0 0
0 _ 0 0 0 0 0
0 _
0 _ 0
0 0
0 _ 0 0 0 0 0
0 _
0 _ 0
0 0
0 _ 0 0 0 0 0
0 _
0 _ 0
0 0
0 _ 0 0 0 0 0
0 _
0 _ 0
0 0
0 _ 0 0 0 0 0
0 _
0 _ 0
0 0
0 _ 0 0 0 0 0
0 _
0 _ 0
0 0
0 _ 0 0 0 0 0
0 _
0 _ 0
0 0
0 _ 0 0 0 0 0
0 _
0 _ 0
0 0
0 _ 0 0 0 0 0
0 _
0 _ 0
0 0
0 _ 0 0 0 0 0
1 C
0 _ 0
0 0
0 _ 0 0 0 0 0
0 _
0 _ 0
0 0
0 _ 0 0 0 0 0
0 _
0 _ 0
0 0
0 _ 0 0 0 0 0
0 _
0 _ 0
0 0
0 _ 0 0 0 0 0
0 _
0 _ 0
0 0
0 _ 0 0 0 0 0
0 _
0 _ 0
0 0
0 _ 0 0 0 0 0
0 _
0 _ 0
0 0
0 _ 0 0 0 0 0
0 _
0 _ 0
0 0
0 _ 0 0 0 0 0
0 _
0 _ 0
0 0
0 _ 0 0 0 0 0
0 _
0 _ 0
0 0
0 _ 0 0 0 0 0
1 C
0 _ 0
0 0
0 _ 0 0 0 0 0
1 T
0 _ 0
0 0
0 _ 0 0 0 0 0
1 C
0 _ 0
0 0
0 _ 0 0 0 0 0
0 _
0 _ 0
0 0
0 _ 0 0 0 0 0
0 _
0 _ 0
0 0
0 _ 0 0 0 0 0
0 _
0 _ 0
0 0
0 _ 0 0 0 0 0
0 _
0 _ 0
0 0
0 _ 0 0 0 0 0
0 _
0 _ 0
0 0
0 _ 0 0 0 0 0
0 _
0 _ 0
0 0
0 _ 0 0 0 0 0
0 _
0 _ 0
0 0
0 _ 0 0 0 0 0
0 _
0 _ 0
0 0
0 _ 0 0 0 0 0
0 _
0 _ 0
0 0
0 _ 0 0 0 0 0
1 C
0 _ 0
0 0
0 _ 0 0 0 0 0
0 _
0 _ 0
0 0
0 _ 0 0 0 0 0
0 _
0 _ 0
0 0
0 _ 0 0 0 0 0
0 _
0 _ 0
0 0
0 _ 0 0 0 0 0
0 _
0 _ 0
0 0
0 _ 0 0 0 0 0
0 _
0 _ 0
0 0
0 _ 0 0 0 0 0
0 _
0 _ 0
0 0
0 _ 0 0 0 0 0
0 _
0 _ 0
0 0
0 _ 0 0 0 0 0
0 _
0 _ 0
0 0
0 _ 0 0 0 0 0
0 _
0 _ 0
0 0
0 _ 0 0 0 0 0
2 100
2 10
0 0
2 10
EndOfList
EndOfList
3 10
2 9
1 10
2 11
2 10
1 100
6 2
0 0
6 2
EndOfList
EndOfList
9 2
10 3
11 2
10 1
10 2
2 1 EndOfQueue
.