25 11 2017 7 32 33
10 10
0 _
0 _ 0
0 0
0 _ 0 0 0 0 0
0 _
0 _ 0
0 0
0 _ 0 0 0 0 0
0 _
0 _ 0
0 0
0 _ 0 0 0 0 0
0 _
0 _ 0
0 0
0 _ 0 0 0 0 0
0 _
0 _ 0
0 0
0 _ 0 0 0 0 0
0 _
0 _ 0
0 0
0 _ 0 0 0 0 0
0 _
0 _ 0
0 0
0 _ 0 0 0 0 0
0 _
0 _ 0
0 0
0 _ 0 0 0 0 0
2 C
13 R 0
1 9
29 A 6 2 29 6 1
0 _
0 _ 0
0 0
0 _ 0 0 0 0 0
0 _
0 _ 0
0 0
0 _ 0 0 0 0 0
0 _
0 _ 0
0 0
0 _ 0 0 0 0 0
0 _
0 _ 0
0 0
0 _ 0 0 0 0 0
0 _
0 _ 0
0 0
0 _ 0 0 0 0 0
0 _
0 _ 0
0 0
0 _ 0 0 0 0 0
0 _
0 _ 0
0 0
0 _ 0 0 0 0 0
0 _
0 _ 0
0 0
0 _ 0 0 0 0 0
2 C
13 R 0
2 8
29 A 6 2 29 6 1
2 T
18 R 0
2 9
70 K 6 2 70 6 1
2 C
8 R 8
2 10
35 W 5 2 35 5 1
0 _
0 _ 0
0 0
0 _ 0 0 0 0 0
0 _
0 _ 0
0 0
0 _ 0 0 0 0 0
0 _
0 _ 0
0 0
0 _ 0 0 0 0 0
0 _
0 _ 0
0 0
0 _ 0 0 0 0 0
0 V
0 _ 0
0 0
0 _ 0 0 0 0 0
0 V
0 _ 0
0 0
0 _ 0 0 0 0 0
0 _
0 _ 0
0 0
0 _ 0 0 0 0 0
0 _
0 _ 0
0 0
0 _ 0 0 0 0 0
2 C
16 M 0
3 9
55 S 5 2 55 5 1
0 _
0 _ 0
0 0
0 _ 0 0 0 0 0
0 _
0 _ 0
0 0
0 _ 0 0 0 0 0
0 _
0 _ 0
0 0
0 _ 0 0 0 0 0
0 _
0 _ 0
0 0
0 _ 0 0 0 0 0
0 _
0 _ 0
0 0
0 _ 0 0 0 0 0
0 _
0 _ 0
0 0
0 _ 0 0 0 0 0
0 _
0 _ 0
0 0
0 _ 0 0 0 0 0
0 _
0 _ 0
0 0
0 _ 0 0 0 0 0
0 _
0 _ 0
0 0
0 _ 0 0 0 0 0
0 _
0 _ 0
0 0
0 _ 0 0 0 0 0
0 _
0 _ 0
0 0
0 _ 0 0 0 0 0
0 _
0 _ 0
0 0
0 _ 0 0 0 0 0
0 _
0 _ 0
0 0
0 _ 0 0 0 0 0
0 _
0 _ 0
0 0
0 _ 0 0 0 0 0
0 _
0 _ 0
0 0
0 _ 0 0 0 0 0
0 _
0 _ 0
0 0
0 _ 0 0 0 0 0
0 _
0 _ 0
0 0
0 _ 0 0 0 0 0
0 _
0 _ 0
0 0
0 _ 0 0 0 0 0
0 _
0 _ 0
0 0
0 _ 0 0 0 0 0
0 _
0 _ 0
0 0
0 _ 0 0 0 0 0
0 _
0 _ 0
0 0
0 _ 0 0 0 0 0
0 _
0 _ 0
0 0
0 _ 0 0 0 0 0
0 _
0 _ 0
0 0
0 _ 0 0 0 0 0
0 _
0 _ 0
0 0
0 _ 0 0 0 0 0
0 _
0 _ 0
0 0
0 _ 0 0 0 0 0
0 _
0 _ 0
0 0
0 _ 0 0 0 0 0
0 _
0 _ 0
0 0
0 _ 0 0 0 0 0
0 _
0 _ 0
0 0
0 _ 0 0 0 0 0
0 _
0 _ 0
0 0
0 _ 0 0 0 0 0
0 _
0 _ 0
0 0
0 _ 0 0 0 0 0
0 _
0 _ 0
0 0
0 _ 0 0 0 0 0
0 _
0 _ 0
0 0
0 _ 0 0 0 0 0
0 _
0 _ 0
0 0
0 _ 0 0 0 0 0
0 _
0 _ 0
0 0
0 _ 0 0 0 0 0
0 _
0 _ 0
0 0
0 _ 0 0 0 0 0
1 V
0 _ 0
0 0
0 _ 0 0 0 0 0
0 _
0 _ 0
0 0
0 _ 0 0 0 0 0
0 _
0 _ 0
0 0
0 _ 0 0 0 0 0
0 _
0 _ 0
0 0
0 _ 0 0 0 0 0
0 _
0 _ 0
0 0
0 _ 0 0 0 0 0
0 _
0 _ 0
0 0
0 _ 0 0 0 0 0
0 _
0 _ 0
0 0
0 _ 0 0 0 0 0
1 C
13 R 0
8 2
29 A 6 1 29 6 1
0 _
0 _ 0
0 0
0 _ 0 0 0 0 0
0 _
0 _ 0
0 0
0 _ 0 0 0 0 0
0 _
0 _ 0
0 0
0 _ 0 0 0 0 0
0 _
0 _ 0
0 0
0 _ 0 0 0 0 0
0 _
0 _ 0
0 0
0 _ 0 0 0 0 0
0 _
0 _ 0
0 0
0 _ 0 0 0 0 0
0 _
0 _ 0
0 0
0 _ 0 0 0 0 0
0 _
0 _ 0
0 0
0 _ 0 0 0 0 0
1 C
13 R 0
9 1
29 A 6 1 29 6 1
1 T
18 R 0
9 2
70 K 1 1 70 6 1
1 C
13 R 0
9 3
29 A 6 1 29 6 1
0 _
0 _ 0
0 0
0 _ 0 0 0 0 0
0 _
0 _ 0
0 0
0 _ 0 0 0 0 0
0 _
0 _ 0
0 0
0 _ 0 0 0 0 0
0 _
0 _ 0
0 0
0 _ 0 0 0 0 0
0 _
0 _ 0
0 0
0 _ 0 0 0 0 0
0 _
0 _ 0
0 0
0 _ 0 0 0 0 0
0 _
0 _ 0
0 0
0 _ 0 0 0 0 0
0 _
0 _ 0
0 0
0 _ 0 0 0 0 0
1 C
13 R 0
10 2
29 A 6 1 29 6 1
0 _
0 _ 0
0 0
0 _ 0 0 0 0 0
0 _
0 _ 0
0 0
0 _ 0 0 0 0 0
0 _
0 _ 0
0 0
0 _ 0 0 0 0 0
0 _
0 _ 0
0 0
0 _ 0 0 0 0 0
0 _
0 _ 0
0 0
0 _ 0 0 0 0 0
0 _
0 _ 0
0 0
0 _ 0 0 0 0 0
0 _
0 _ 0
0 0
0 _ 0 0 0 0 0
0 _
0 _ 0
0 0
0 _ 0 0 0 0 0
1 32
9 2
0 0
9 2
8 2
9 3
10 2
9 1
EndOfList
EndOfList
8 2
9 3
10 2
9 1
9 2
2 11
2 9
0 0
2 9
3 9
2 8
1 9
2 10
EndOfList
EndOfList
3 9
2 8
1 9
2 10
2 9
1 2 EndOfQueue
.