27 11 2017 7 53 5
10 10
0 _
0 _ 0
0 0
0 _ 0 0 0 0 0
0 _
0 _ 0
0 0
0 _ 0 0 0 0 0
0 _
0 _ 0
0 0
0 _ 0 0 0 0 0
0 _
0 _ 0
0 0
0 _ 0 0 0 0 0
0 _
0 _ 0
0 0
0 _ 0 0 0 0 0
0 _
0 _ 0
0 0
0 _ 0 0 0 0 0
0 _
0 _ 0
0 0
0 _ 0 0 0 0 0
0 _
0 _ 0
0 0
0 _ 0 0 0 0 0
2 C
0 _ 0
0 0
0 _ 0 0 0 0 0
0 _
0 _ 0
0 0
0 _ 0 0 0 0 0
0 _
0 _ 0
0 0
0 _ 0 0 0 0 0
0 _
13 R 0
2 2
21 A 0 2 29 6 0
0 _
0 _ 0
0 0
0 _ 0 0 0 0 0
0 _
13 R 0
2 4
29 A 6 2 29 6 1
0 _
0 _ 0
0 0
0 _ 0 0 0 0 0
0 _
0 _ 0
0 0
0 _ 0 0 0 0 0
0 _
0 _ 0
0 0
0 _ 0 0 0 0 0
2 C
0 _ 0
0 0
0 _ 0 0 0 0 0
2 T
18 R 0
2 9
70 K 6 2 70 6 1
2 C
0 _ 0
0 0
0 _ 0 0 0 0 0
0 _
0 _ 0
0 0
0 _ 0 0 0 0 0
0 _
8 R 8
3 2
22 W 5 1 35 5 1
0 _
0 _ 0
0 0
0 _ 0 0 0 0 0
0 _
0 _ 0
0 0
0 _ 0 0 0 0 0
2 V
13 R 0
3 5
29 A 6 2 29 6 1
0 V
0 _ 0
0 0
0 _ 0 0 0 0 0
0 _
0 _ 0
0 0
0 _ 0 0 0 0 0
0 _
0 _ 0
0 0
0 _ 0 0 0 0 0
2 C
8 R 8
3 9
35 W 5 2 35 5 1
0 _
0 _ 0
0 0
0 _ 0 0 0 0 0
0 _
0 _ 0
0 0
0 _ 0 0 0 0 0
0 _
0 _ 0
0 0
0 _ 0 0 0 0 0
0 _
0 _ 0
0 0
0 _ 0 0 0 0 0
0 _
16 M 0
4 4
55 S 4 1 55 5 1
0 _
0 _ 0
0 0
0 _ 0 0 0 0 0
0 _
0 _ 0
0 0
0 _ 0 0 0 0 0
0 _
0 _ 0
0 0
0 _ 0 0 0 0 0
0 _
0 _ 0
0 0
0 _ 0 0 0 0 0
0 _
0 _ 0
0 0
0 _ 0 0 0 0 0
0 _
0 _ 0
0 0
0 _ 0 0 0 0 0
0 _
0 _ 0
0 0
0 _ 0 0 0 0 0
0 _
0 _ 0
0 0
0 _ 0 0 0 0 0
0 _
0 _ 0
0 0
0 _ 0 0 0 0 0
0 _
0 _ 0
0 0
0 _ 0 0 0 0 0
0 _
0 _ 0
0 0
0 _ 0 0 0 0 0
0 _
0 _ 0
0 0
0 _ 0 0 0 0 0
0 _
0 _ 0
0 0
0 _ 0 0 0 0 0
0 _
0 _ 0
0 0
0 _ 0 0 0 0 0
0 _
0 _ 0
0 0
0 _ 0 0 0 0 0
0 _
0 _ 0
0 0
0 _ 0 0 0 0 0
0 _
0 _ 0
0 0
0 _ 0 0 0 0 0
0 _
0 _ 0
0 0
0 _ 0 0 0 0 0
0 _
0 _ 0
0 0
0 _ 0 0 0 0 0
0 _
0 _ 0
0 0
0 _ 0 0 0 0 0
0 _
0 _ 0
0 0
0 _ 0 0 0 0 0
0 _
0 _ 0
0 0
0 _ 0 0 0 0 0
0 _
0 _ 0
0 0
0 _ 0 0 0 0 0
0 _
0 _ 0
0 0
0 _ 0 0 0 0 0
0 _
0 _ 0
0 0
0 _ 0 0 0 0 0
0 _
0 _ 0
0 0
0 _ 0 0 0 0 0
0 _
0 _ 0
0 0
0 _ 0 0 0 0 0
0 _
0 _ 0
0 0
0 _ 0 0 0 0 0
0 _
0 _ 0
0 0
0 _ 0 0 0 0 0
0 _
0 _ 0
0 0
0 _ 0 0 0 0 0
0 V
0 _ 0
0 0
0 _ 0 0 0 0 0
0 _
0 _ 0
0 0
0 _ 0 0 0 0 0
0 _
0 _ 0
0 0
0 _ 0 0 0 0 0
0 _
0 _ 0
0 0
0 _ 0 0 0 0 0
0 _
0 _ 0
0 0
0 _ 0 0 0 0 0
0 _
0 _ 0
0 0
0 _ 0 0 0 0 0
0 _
0 _ 0
0 0
0 _ 0 0 0 0 0
1 C
0 _ 0
0 0
0 _ 0 0 0 0 0
0 _
0 _ 0
0 0
0 _ 0 0 0 0 0
0 _
0 _ 0
0 0
0 _ 0 0 0 0 0
0 _
0 _ 0
0 0
0 _ 0 0 0 0 0
0 _
0 _ 0
0 0
0 _ 0 0 0 0 0
0 _
0 _ 0
0 0
0 _ 0 0 0 0 0
0 _
0 _ 0
0 0
0 _ 0 0 0 0 0
0 _
0 _ 0
0 0
0 _ 0 0 0 0 0
0 _
0 _ 0
0 0
0 _ 0 0 0 0 0
1 C
0 _ 0
0 0
0 _ 0 0 0 0 0
1 T
18 R 0
9 2
70 K 6 1 70 6 1
1 C
0 _ 0
0 0
0 _ 0 0 0 0 0
0 _
0 _ 0
0 0
0 _ 0 0 0 0 0
0 _
0 _ 0
0 0
0 _ 0 0 0 0 0
0 _
0 _ 0
0 0
0 _ 0 0 0 0 0
0 _
0 _ 0
0 0
0 _ 0 0 0 0 0
0 _
0 _ 0
0 0
0 _ 0 0 0 0 0
0 _
0 _ 0
0 0
0 _ 0 0 0 0 0
0 _
0 _ 0
0 0
0 _ 0 0 0 0 0
0 _
0 _ 0
0 0
0 _ 0 0 0 0 0
1 C
0 _ 0
0 0
0 _ 0 0 0 0 0
0 _
0 _ 0
0 0
0 _ 0 0 0 0 0
0 _
0 _ 0
0 0
0 _ 0 0 0 0 0
0 _
0 _ 0
0 0
0 _ 0 0 0 0 0
0 _
0 _ 0
0 0
0 _ 0 0 0 0 0
0 _
0 _ 0
0 0
0 _ 0 0 0 0 0
0 _
0 _ 0
0 0
0 _ 0 0 0 0 0
0 _
0 _ 0
0 0
0 _ 0 0 0 0 0
0 _
0 _ 0
0 0
0 _ 0 0 0 0 0
2 20
2 2
3 4
2 2
2 4
3 5
2 9
3 9
EndOfList
3 5
EndOfList
3 9
2 8
1 9
2 10
2 9
1 43
4 4
0 2
4 4
3 2
9 2
EndOfList
EndOfList
8 2
9 3
10 2
9 1
9 2
2 1 EndOfQueue
.